Lifes:
0
Koordynaty:
1
2
Score:
5
MaxScore:
44
height:
10
width:
10
monstr1.x:
5
monstr1.y:
2
monstr2.x:
1
monstr2.y:
4
Karta
9 9 9 9 9 9 9 9 9 9 
9 0 3 3 3 3 3 3 3 9 
9 5 9 9 3 -1 9 9 3 9 
9 0 9 9 3 3 9 9 3 9 
9 -1 3 3 9 9 3 3 3 9 
9 0 3 3 9 9 3 3 3 9 
9 0 9 9 3 3 9 9 3 9 
9 3 9 9 3 3 9 9 3 9 
9 3 3 3 3 3 3 3 3 9 
9 9 9 9 9 9 9 9 9 9 
CopyKarta
9 9 9 9 9 9 9 9 9 9 
9 0 3 3 3 3 3 3 3 9 
9 0 9 9 3 3 9 9 3 9 
9 0 9 9 3 3 9 9 3 9 
9 0 3 3 9 9 3 3 3 9 
9 0 3 3 9 9 3 3 3 9 
9 3 9 9 3 3 9 9 3 9 
9 3 9 9 3 3 9 9 3 9 
9 3 3 3 3 3 3 3 3 9 
9 9 9 9 9 9 9 9 9 9 

